10
3
1 1 1 2
2 2 2 3
1 1 3 4
2
1 3 1 2
1 3 3 4
1
3 1 2 3
4
2 2 7 8
4 4 8 9
5 11 10 11
1 4 20 23
6
20 80 10 12
1 99 14 17
3 98 20 23
10 10 25 26
20 20 30 33
60 20 40 42
12
20 80 10 12
1 99 14 17
3 98 20 23
10 10 25 26
20 20 30 33
60 20 40 42
200 800 100 120
10 990 140 170
30 980 200 230
100 100 250 260
200 200 300 330
600 200 400 420
16
1 99 10 11
2 98 20 21
3 97 30 31
4 96 40 41
5 95 50 51
6 94 60 61
7 93 80 81
8 92 90 91
9 91 100 101
10 90 110 111
11 89 120 121
12 88 130 131
13 87 140 141
14 86 150 151
15 85 160 161
16 84 170 171
9
1 9 100 200
2 8 200 300
3 7 300 400
4 6 400 500
5 5 500 600
6 4 600 700
7 3 700 800
8 2 800 900
9 1 900 1000
19
1 19 100 200
2 18 200 300
3 17 300 400
4 16 400 500
5 15 500 600
6 14 600 700
7 13 700 800
8 12 800 900
9 11 900 1000
10 10 1000 1100
11 9 1100 1200
12 8 1200 1300
13 7 1300 1400
14 6 1400 1500
15 5 1500 1600
16 7 1600 1700
17 3 1700 1800
18 2 1800 1900
19 1 1900 2000
30
1 19 1100 1200
2 18 1200 1300
3 17 1300 1400
4 16 1400 1500
5 15 1500 1600
6 14 1600 1700
7 13 1700 1800
8 12 1800 1900
9 11 1900 2000
10 10 2000 2100
11 9 2100 2200
12 8 2200 2300
13 7 2300 2400
14 6 2400 2500
15 5 2500 2600
16 7 2600 2700
17 3 2700 2800
18 2 2800 2900
19 1 2900 3000
10 190 11000 12000
20 180 12000 13000
30 170 13000 14000
40 160 14000 15000
50 150 15000 16000
60 140 16000 17000
70 130 17000 18000
80 120 18000 19000
90 110 19000 20000
100 100 20000 21000
110 90 21000 22000