10
300
2 7 13 11 16 2 7 13 18 4
1 2
2 10
2 3
3 4
4 5
5 6
5 7
4 8
3 9
C 2 6 2
Q 10 4

C 4 6 16
Q 1 5
Q 7 2
C 2 4 9
C 4 8 1
Q 1 5
Q 10 2
C 2 6 15
C 4 9 15
Q 3 7
Q 10 4
C 2 6 8
Q 1 5
Q 7 2
C 10 4 1
C 4 8 14
Q 1 5
Q 8 2
C 2 6 7
C 4 9 7
Q 1 5
Q 10 4
C 2 6 0
Q 9 3
Q 7 2
C 10 4 14
C 4 6 14
Q 1 5
Q 8 2
C 2 4 7
C 4 9 20
Q 1 5
Q 10 2
C 2 6 13
Q 9 3
Q 7 10
C 10 4 6
C 2 6 6
Q 1 3
Q 8 2
C 10 4 20
C 4 9 20
Q 1 5
C 3 8 2
C 8 2 15
C 10 4 16
C 4 7 16
Q 1 5
C 3 8 19
C 8 2 19
C 10 4 12
C 2 7 12
Q 1 5
C 3 8 15
C 8 10 15
C 10 4 8
C 2 7 8
Q 1 5
C 3 8 11
C 6 10 11
C 10 4 4
C 2 7 4
Q 1 3
C 3 8 7
C 6 10 7
C 10 4 0
C 2 7 0
Q 9 3
C 3 8 3
C 6 10 3
C 10 4 4
C 2 7 17
Q 9 3
C 3 8 20
C 6 10 20
C 10 2 0
C 2 7 13
Q 9 3
C 3 8 3
C 6 10 16
C 8 2 17
C 2 7 9
Q 9 3
C 3 6 20
C 6 10 12
C 8 2 13
C 2 7 5
Q 9 3
C 1 6 16
C 6 10 8
C 8 2 9
C 2 7 9
Q 9 3
C 1 6 12
C 6 10 4
C 8 2 5
Q 5 9
Q 3 8
C 6 10 19
C 10 2 19
Q 7 1
Q 4 8
C 8 10 12
C 10 5 4
Q 7 1
Q 6 8
C 8 2 18
Q 5 9
Q 3 6
C 6 10 11
C 8 2 11
Q 7 1
Q 4 8
C 6 10 4
C 10 5 17
Q 7 1
Q 4 8
C 8 2 18
Q 5 9
Q 1 6
C 6 10 11
C 8 2 3
Q 5 9
Q 4 8
C 6 10 17
C 8 3 17
Q 7 1
Q 4 8
C 6 10 10
Q 5 9
Q 1 6
C 4 8 3
C 8 2 16
Q 5 9
Q 2 6
C 6 10 9
C 8 3 9
Q 7 9
Q 4 8
C 6 10 2
Q 5 7
Q 1 6
C 4 8 16
C 8 2 16
Q 5 9
Q 2 6
C 6 10 9
C 8 3 1
Q 5 9
C 9 4 4
C 2 6 4
C 6 8 5
C 8 3 18
Q 5 9
C 9 4 8
C 2 6 0
C 4 8 1
C 8 3 14
Q 5 9
C 9 2 4
C 2 6 17
C 4 8 18
C 8 3 10
Q 5 9
C 7 2 0
C 2 6 13
C 4 8 14
C 8 3 14
Q 5 9
C 7 2 17
C 2 6 9
C 4 8 10
C 8 1 10
Q 5 9
C 7 2 13
C 2 6 13
C 4 8 6
C 6 1 6
Q 5 9
C 7 2 9
C 2 4 9
C 4 8 2
C 6 1 2
Q 5 9
C 7 2 5
C 10 4 5
C 4 8 19
C 6 1 19
Q 5 7
C 7 2 1
C 10 4 1
C 4 8 15
C 6 1 15
Q 3 7
C 7 2 18
C 10 4 18
C 4 6 19
Q 1 5
Q 7 2
C 2 4 12
C 4 8 4
Q 1 5
Q 10 2
C 2 6 18
C 4 9 18
Q 3 7
Q 10 4
C 2 6 11
Q 1 5
Q 7 2
C 10 4 4
C 4 8 17
Q 1 5
Q 8 2
C 2 6 10
C 4 9 10
Q 1 5
Q 10 4
C 2 6 3
Q 9 3
Q 7 2
C 10 4 17
C 4 6 17
Q 1 5
Q 8 2
C 2 4 10
C 4 9 2
Q 1 5
Q 10 2
C 2 6 16
Q 9 3
Q 7 10
C 10 4 9
C 2 6 9
Q 1 5
Q 8 2
C 10 4 2
C 4 9 15
Q 1 5
Q 8 2
C 2 6 8
Q 9 3
Q 5 10
C 10 4 1
C 2 6 1
Q 9 3
Q 8 2
C 10 4 15
C 4 7 15
Q 1 5
Q 8 2
C 2 4 8
Q 9 3
Q 5 10
C 10 2 1
C 2 7 14
Q 9 3
Q 8 10
C 10 4 7
C 2 7 7
Q 1 5
C 3 8 10
C 6 10 10
C 10 4 3
C 2 7 3
Q 1 3
C 3 8 6
C 6 10 6
C 10 4 20
C 2 7 20
Q 9 3
C 3 8 2
C 6 10 2
C 10 4 3
C 2 7 16
Q 9 3
C 3 8 19
C 6 10 19
C 8 2 20
C 2 7 12
Q 9 3
C 3 6 2
C 6 10 15
C 8 2 16
C 2 7 8
Q 9 3
C 1 6 19
C 6 10 11
C 8 2 12
C 2 7 12
Q 9 3
C 1 6 15
C 6 10 7
C 8 2 8
