1
1000
907
629
102
391
55
502
432
998
812
486
895
138
391
928
918
714
619
344
937
125	731	647	834	399	750	836	323	553	980	550	331	620	361	757	414	493	695	973	328	838	740	955	32	357	663	282	231	712	625	591	661	48	349	452	241	716	857	282	732	138	837	139	589	367	807	504	490	878	354	450	964	43	973	190	668	587	676	362	621	812	20	84	975	652	232	404	123	269	258	332	153	349	122	885	95	931	400	48	343	736	795	545	687	894	55	304	47	196	721	722	878	583	71	923	801	286	544	985	716	839	434	471	561	270	750	504	647	308	139	476	363	789	781	669	134	22	560	301	940	981	287	801	897	598	885	944	550	729	577	26	447	647	522	373	938	830	850	373	594	873	934	669	207	654	73	407	667	934	811	485	757	418	972	988	865	389	455	247	785	883	914	559	599	149	900	451	206	900	763	883	285	674	665	123	408	276	717	284	897	827	391	498	695	835	610	575	327	457	714	885	721	19	675	439	438	118	815	325	247	343	376	547	562	396	399	516	658	951	723	401	832	135	61	85	164	325	302	12	540	96	147	632	860	975	571	997	554	516	331	431	492	72	888	65	437	827	395	614	819	887	932	191	259	898	594	504	613	820	532	203	454	428	967	621	696	721	347	517	557	157	563	695	427	837	732	361	455	387	776	735	431	694	946	785	706	110	390	591	460	51	229	835	16	864	79	670	501	218	572	123	672	600	56	57	153	20	436	833	618	521	864	98	909	109	517	144	560	5	767	849	917	987	506	272	101	508	586	763	83	662	517	172	939	591	441	942	656	452	840	533	554	681	368	240	579	867	407	113	444	301	402	834	404	391	361	141	261	87	430	258	298	425	120	496	707	244	786	75	394	4	221	2	190	143	269	175	139	599	902	940	222	483	377	524	265	69	437	174	27	955	431	962	763	8	681	706	646	553	219	773	229	371	891	857	403	319	609	911	910	592	333	854	443	905	34	533	717	180	337	188	322	404	549	49	553	275	242	244	155	957	936	819	729	176	361	189	2	317	700	626	544	440	288	502	762	763	577	748	646	124	505	348	93	148	199	673	432	695	257	10	533	280	947	907	393	25	672	838	972	57	451	583	687	720	651	727	374	582	117	58	980	285	595	963	186	194	342	933	391	274	152	398	375	132	436	92	615	11	574	790	236	449	570	62	497	643	222	838	972	847	506	279	747	237	958	621	601	173	91	256	859	912	700	726	230	577	811	404	989	90	321	512	61	726	557	530	830	859	790	318	453	753	110	110	270	525	973	711	312	292	851	912	640	256	89	839	585	949	62	585	286	828	191	443	394	827	677	208	319	134	672	571	170	148	477	909	553	33	54	806	452	383	790	365	533	712	872	329	651	975	76	588	414	310	264	759	996	187	782	196	993	803	425	729	499	809	357	74	591	911	194	433	750	40	947	764	559	184	498	518	995	855	963	679	404	935	480	232	397	706	559	757	996	963	536	964	116	52	305	581	531	902	541	432	543	713	17	801	143	479	257	370	662	170	279	199	196	327	881	472	404	180	969	408	845	616	377	878	785	465	814	899	430	335	597	902	703	378	735	955	543	541	312	72	182	93	464	10	916	643	2	31	209	455	128	9	728	355	781	437	437	50	50	92	595	242	842	858	964	489	221	227	537	763	348	462	640	918	162	716	578	434	885	394	179	634	625	328	803	1000	981	128	233	24	608	111	408	885	549	370	209	441	957	125	471	857	44	692	979	284	134	686	910	611	900	194	755	347	419	156	820	625	739	806	68	951	498	756	743	832	157	458	619	933	836	896	583	583	855	35	886	408	37	747	155	144	606	255	325	402	407	387	610	167	189	95	324	770	235	741	693	825	828	294	310	524	326	832	811	557	263	681	234	457	385	539	992	756	981	235	529	52	757	602	858	989	930	410	1	541	208	220	326	96	748	749	544	339	833	553	958	893	357	547	347	623	797	746	126	823	26	415	732	782	368	745	893	243	130	226	351	288	928	52	593	163	839	168	503	1000	356	48	214	398	334	230	937	684	963	438	941	6	611	802	233	933	764	827	574	793	330	224	313	585	830	291	403	863	615	992	204	828	676	249	476	400	600	801	106	822	842	355	431	573	701	743	758	390	430	957	573	850	277	623	589	964	86	501	522	91	905	885	439	782	149	620	261	446	844	197	304	484	338	799	988	160	237	703	376	974	973	644	861	402	632	986	560	934	721	485	640	888	199	396	993	403	659	902	996	654	109	37	619	568	962	747	663	524	260	962	541	31	697	520	60	891	331	230	114	311
