29
072000005
061000842
009218007
006000003
708060000
400032760
000590000
000000000
900400078
072000005
061000842
009218007
006000003
708060000
400032760
000590000
000000000
900400078
372000005
561000842
009218007
006000003
708060000
400032760
000590000
000000000
900400078
372000005
561000842
009218007
006000003
708060000
400032760
000590000
000000000
900400078
372000005
561000842
009218007
006000003
708060000
400032760
000590000
000000000
900400078
372640005
561000842
009218007
006000003
708060000
400032760
000590000
000000000
900400078
372649105
561000842
009218007
006000003
708060000
400032760
000590000
000000000
900400078
372940005
561000842
009218007
006000003
708060000
400032760
000590000
000000000
900400078
872000005
361000842
009218007
006000003
708060000
400032760
000590000
000000000
900400078
872000005
361000842
009218007
006000003
708060000
400032760
000590000
000000000
900400078
872000005
361000842
009218007
006000003
708060000
400032760
000590000
000000000
900400078
872340005
361000842
009218007
006000003
708060000
400032760
000590000
000000000
900400078
872349105
361000842
009218007
006000003
708060000
400032760
000590000
000000000
900400078
872346905
361000842
009218007
006000003
708060000
400032760
000590000
000000000
900400078
872349605
361000842
009218007
006000003
708060000
400032760
000590000
000000000
900400078
872640005
361000842
009218007
006000003
708060000
400032760
000590000
000000000
900400078
872643105
361000842
009218007
006000003
708060000
400032760
000590000
000000000
900400078
872649105
361000842
009218007
006000003
708060000
400032760
000590000
000000000
900400078
872643905
361000842
009218007
006000003
708060000
400032760
000590000
000000000
900400078
872649305
361000842
009218007
006000003
708060000
400032760
000590000
000000000
900400078
872940005
361000842
009218007
006000003
708060000
400032760
000590000
000000000
900400078
872943105
361000842
009218007
006000003
708060000
400032760
000590000
000000000
900400078
872943605
361000842
009218007
006000003
708060000
400032760
000590000
000000000
900400078
872946305
361000842
009218007
006000003
708060000
400032760
000590000
000000000
900400078
872000005
561000842
009218007
006000003
708060000
400032760
000590000
000000000
900400078
872000005
561000842
009218007
006000003
708060000
400032760
000590000
000000000
900400078
872000005
561000842
009218007
006000003
708060000
400032760
000590000
000000000
900400078
872340005
561000842
009218007
006000003
708060000
400032760
000590000
000000000
900400078
872349105
561000842
009218007
006000003
708060000
400032760
000590000
000000000
900400078
872346905
561000842
009218007
006000003
708060000
400032760
000590000
000000000
900400078
872349605
561000842
009218007
006000003
708060000
400032760
000590000
000000000
900400078
872640005
561000842
009218007
006000003
708060000
400032760
000590000
000000000
900400078
872643105
561000842
009218007
006000003
708060000
400032760
000590000
000000000
900400078
872649105
561000842
009218007
006000003
708060000
400032760
000590000
000000000
900400078
872643905
561000842
009218007
006000003
708060000
400032760
000590000
000000000
900400078
872649305
561000842
009218007
006000003
708060000
400032760
000590000
000000000
900400078
872940005
561000842
009218007
006000003
708060000
400032760
000590000
000000000
900400078
872943105
561000842
009218007
006000003
708060000
400032760
000590000
000000000
900400078
872943605
561000842
009218007
006000003
708060000
400032760
000590000
000000000
900400078
872946305
561000842
009218007
006000003
708060000
400032760
000590000
000000000
900400078
123
