4 4
0.000000 0.000000
-1.000000 0.000000
-1.000000 -1.000000
0.000000 -1.000000
2.000000 0.000000
2.000000 -1.000000
3.000000 -1.000000
3.000000 0.000000


4 4
0.000000 0.000000
-1.000000 0.000000
-1.000000 -1.000000
0.000000 -1.000000
247.000000 208.000000
247.000000 235.000000
375.000000 235.000000
375.000000 208.000000


4 3
0.000000 0.000000
-1.000000 0.000000
-1.000000 -1.000000
0.000000 -1.000000
85.000000 101.000000
116.000000 168.000000
168.000000 103.000000


4 3
0.000000 0.000000
-1.000000 0.000000
-1.000000 -1.000000
0.000000 -1.000000
131.000000 189.000000
216.000000 148.000000
196.000000 209.000000


4 3
0.000000 0.000000
-1.000000 0.000000
-1.000000 -1.000000
0.000000 -1.000000
180.000000 127.000000
246.000000 127.000000
202.000000 144.000000


4 3
0.000000 0.000000
-1.000000 0.000000
-1.000000 -1.000000
0.000000 -1.000000
226.000000 201.000000
297.000000 201.000000
242.000000 151.000000


4 3
0.000000 0.000000
-1.000000 0.000000
-1.000000 -1.000000
0.000000 -1.000000
42.000000 225.000000
61.000000 261.000000
100.000000 222.000000


4 3
0.000000 0.000000
-1.000000 0.000000
-1.000000 -1.000000
0.000000 -1.000000
84.000000 261.000000
99.000000 246.000000
102.000000 260.000000


4 3
0.000000 0.000000
-1.000000 0.000000
-1.000000 -1.000000
0.000000 -1.000000
72.000000 309.000000
157.000000 224.000000
167.000000 309.000000


4 3
0.000000 0.000000
-1.000000 0.000000
-1.000000 -1.000000
0.000000 -1.000000
170.000000 221.000000
229.000000 221.000000
199.000000 245.000000


4 3
0.000000 0.000000
-1.000000 0.000000
-1.000000 -1.000000
0.000000 -1.000000
190.000000 90.000000
153.000000 47.000000
225.000000 108.000000


4 3
0.000000 0.000000
-1.000000 0.000000
-1.000000 -1.000000
0.000000 -1.000000
165.000000 230.000000
168.000000 242.000000
172.000000 233.000000


4 6
0.000000 0.000000
-1.000000 0.000000
-1.000000 -1.000000
0.000000 -1.000000
143.000000 146.000000
133.000000 156.000000
138.000000 170.000000
150.000000 173.000000
161.000000 166.000000
161.000000 152.000000


4 5
0.000000 0.000000
-1.000000 0.000000
-1.000000 -1.000000
0.000000 -1.000000
109.000000 208.000000
100.000000 236.000000
111.000000 253.000000
122.000000 250.000000
161.000000 206.000000


4 6
0.000000 0.000000
-1.000000 0.000000
-1.000000 -1.000000
0.000000 -1.000000
177.000000 273.000000
174.000000 309.000000
202.000000 377.000000
417.000000 375.000000
490.000000 270.000000
268.000000 239.000000


4 4
2.000000 0.000000
2.000000 -1.000000
3.000000 -1.000000
3.000000 0.000000
0.000000 0.000000
-1.000000 0.000000
-1.000000 -1.000000
0.000000 -1.000000


4 4
2.000000 0.000000
2.000000 -1.000000
3.000000 -1.000000
3.000000 0.000000
247.000000 208.000000
247.000000 235.000000
375.000000 235.000000
375.000000 208.000000


4 3
2.000000 0.000000
2.000000 -1.000000
3.000000 -1.000000
3.000000 0.000000
85.000000 101.000000
116.000000 168.000000
168.000000 103.000000


4 3
2.000000 0.000000
2.000000 -1.000000
3.000000 -1.000000
3.000000 0.000000
131.000000 189.000000
216.000000 148.000000
196.000000 209.000000


4 3
2.000000 0.000000
2.000000 -1.000000
3.000000 -1.000000
3.000000 0.000000
180.000000 127.000000
246.000000 127.000000
202.000000 144.000000


4 3
2.000000 0.000000
2.000000 -1.000000
3.000000 -1.000000
3.000000 0.000000
226.000000 201.000000
297.000000 201.000000
242.000000 151.000000


4 3
2.000000 0.000000
2.000000 -1.000000
3.000000 -1.000000
3.000000 0.000000
42.000000 225.000000
61.000000 261.000000
100.000000 222.000000


4 3
2.000000 0.000000
2.000000 -1.000000
3.000000 -1.000000
3.000000 0.000000
84.000000 261.000000
99.000000 246.000000
102.000000 260.000000


4 3
2.000000 0.000000
2.000000 -1.000000
3.000000 -1.000000
3.000000 0.000000
72.000000 309.000000
157.000000 224.000000
167.000000 309.000000


4 3
2.000000 0.000000
2.000000 -1.000000
3.000000 -1.000000
3.000000 0.000000
170.000000 221.000000
229.000000 221.000000
199.000000 245.000000


4 3
2.000000 0.000000
2.000000 -1.000000
3.000000 -1.000000
3.000000 0.000000
190.000000 90.000000
153.000000 47.000000
225.000000 108.000000


4 3
2.000000 0.000000
2.000000 -1.000000
3.000000 -1.000000
3.000000 0.000000
165.000000 230.000000
168.000000 242.000000
172.000000 233.000000


4 6
2.000000 0.000000
2.000000 -1.000000
3.000000 -1.000000
3.000000 0.000000
143.000000 146.000000
133.000000 156.000000
138.000000 170.000000
150.000000 173.000000
161.000000 166.000000
161.000000 152.000000


4 5
2.000000 0.000000
2.000000 -1.000000
3.000000 -1.000000
3.000000 0.000000
109.000000 208.000000
100.000000 236.000000
111.000000 253.000000
122.000000 250.000000
161.000000 206.000000


4 6
2.000000 0.000000
2.000000 -1.000000
3.000000 -1.000000
3.000000 0.000000
177.000000 273.000000
174.000000 309.000000
202.000000 377.000000
417.000000 375.000000
490.000000 270.000000
268.000000 239.000000


4 4
247.000000 208.000000
247.000000 235.000000
375.000000 235.000000
375.000000 208.000000
0.000000 0.000000
-1.000000 0.000000
-1.000000 -1.000000
0.000000 -1.000000


4 4
247.000000 208.000000
247.000000 235.000000
375.000000 235.000000
375.000000 208.000000
2.000000 0.000000
2.000000 -1.000000
3.000000 -1.000000
3.000000 0.000000


4 3
247.000000 208.000000
247.000000 235.000000
375.000000 235.000000
375.000000 208.000000
85.000000 101.000000
116.000000 168.000000
168.000000 103.000000


4 3
247.000000 208.000000
247.000000 235.000000
375.000000 235.000000
375.000000 208.000000
131.000000 189.000000
216.000000 148.000000
196.000000 209.000000


4 3
247.000000 208.000000
247.000000 235.000000
375.000000 235.000000
375.000000 208.000000
180.000000 127.000000
246.000000 127.000000
202.000000 144.000000


4 3
247.000000 208.000000
247.000000 235.000000
375.000000 235.000000
375.000000 208.000000
226.000000 201.000000
297.000000 201.000000
242.000000 151.000000


4 3
247.000000 208.000000
247.000000 235.000000
375.000000 235.000000
375.000000 208.000000
42.000000 225.000000
61.000000 261.000000
100.000000 222.000000


4 3
247.000000 208.000000
247.000000 235.000000
375.000000 235.000000
375.000000 208.000000
84.000000 261.000000
99.000000 246.000000
102.000000 260.000000


4 3
247.000000 208.000000
247.000000 235.000000
375.000000 235.000000
375.000000 208.000000
72.000000 309.000000
157.000000 224.000000
167.000000 309.000000


4 3
247.000000 208.000000
247.000000 235.000000
375.000000 235.000000
375.000000 208.000000
170.000000 221.000000
229.000000 221.000000
199.000000 245.000000


4 3
247.000000 208.000000
247.000000 235.000000
375.000000 235.000000
375.000000 208.000000
190.000000 90.000000
153.000000 47.000000
225.000000 108.000000


4 3
247.000000 208.000000
247.000000 235.000000
375.000000 235.000000
375.000000 208.000000
165.000000 230.000000
168.000000 242.000000
172.000000 233.000000


4 6
247.000000 208.000000
247.000000 235.000000
375.000000 235.000000
375.000000 208.000000
143.000000 146.000000
133.000000 156.000000
138.000000 170.000000
150.000000 173.000000
161.000000 166.000000
161.000000 152.000000


4 5
247.000000 208.000000
247.000000 235.000000
375.000000 235.000000
375.000000 208.000000
109.000000 208.000000
100.000000 236.000000
111.000000 253.000000
122.000000 250.000000
161.000000 206.000000


4 6
247.000000 208.000000
247.000000 235.000000
375.000000 235.000000
375.000000 208.000000
177.000000 273.000000
174.000000 309.000000
202.000000 377.000000
417.000000 375.000000
490.000000 270.000000
268.000000 239.000000


3 4
85.000000 101.000000
116.000000 168.000000
168.000000 103.000000
0.000000 0.000000
-1.000000 0.000000
-1.000000 -1.000000
0.000000 -1.000000


3 4
85.000000 101.000000
116.000000 168.000000
168.000000 103.000000
2.000000 0.000000
2.000000 -1.000000
3.000000 -1.000000
3.000000 0.000000


3 4
85.000000 101.000000
116.000000 168.000000
168.000000 103.000000
247.000000 208.000000
247.000000 235.000000
375.000000 235.000000
375.000000 208.000000


3 3
85.000000 101.000000
116.000000 168.000000
168.000000 103.000000
131.000000 189.000000
216.000000 148.000000
196.000000 209.000000


3 3
85.000000 101.000000
116.000000 168.000000
168.000000 103.000000
180.000000 127.000000
246.000000 127.000000
202.000000 144.000000


3 3
85.000000 101.000000
116.000000 168.000000
168.000000 103.000000
226.000000 201.000000
297.000000 201.000000
242.000000 151.000000


3 3
85.000000 101.000000
116.000000 168.000000
168.000000 103.000000
42.000000 225.000000
61.000000 261.000000
100.000000 222.000000


3 3
85.000000 101.000000
116.000000 168.000000
168.000000 103.000000
84.000000 261.000000
99.000000 246.000000
102.000000 260.000000


3 3
85.000000 101.000000
116.000000 168.000000
168.000000 103.000000
72.000000 309.000000
157.000000 224.000000
167.000000 309.000000


3 3
85.000000 101.000000
116.000000 168.000000
168.000000 103.000000
170.000000 221.000000
229.000000 221.000000
199.000000 245.000000


3 3
85.000000 101.000000
116.000000 168.000000
168.000000 103.000000
190.000000 90.000000
153.000000 47.000000
225.000000 108.000000


3 3
85.000000 101.000000
116.000000 168.000000
168.000000 103.000000
165.000000 230.000000
168.000000 242.000000
172.000000 233.000000


3 6
85.000000 101.000000
116.000000 168.000000
168.000000 103.000000
143.000000 146.000000
133.000000 156.000000
138.000000 170.000000
150.000000 173.000000
161.000000 166.000000
161.000000 152.000000


3 5
85.000000 101.000000
116.000000 168.000000
168.000000 103.000000
109.000000 208.000000
100.000000 236.000000
111.000000 253.000000
122.000000 250.000000
161.000000 206.000000


3 6
85.000000 101.000000
116.000000 168.000000
168.000000 103.000000
177.000000 273.000000
174.000000 309.000000
202.000000 377.000000
417.000000 375.000000
490.000000 270.000000
268.000000 239.000000


3 4
131.000000 189.000000
216.000000 148.000000
196.000000 209.000000
0.000000 0.000000
-1.000000 0.000000
-1.000000 -1.000000
0.000000 -1.000000


3 4
131.000000 189.000000
216.000000 148.000000
196.000000 209.000000
2.000000 0.000000
2.000000 -1.000000
3.000000 -1.000000
3.000000 0.000000


3 4
131.000000 189.000000
216.000000 148.000000
196.000000 209.000000
247.000000 208.000000
247.000000 235.000000
375.000000 235.000000
375.000000 208.000000


3 3
131.000000 189.000000
216.000000 148.000000
196.000000 209.000000
85.000000 101.000000
116.000000 168.000000
168.000000 103.000000


3 3
131.000000 189.000000
216.000000 148.000000
196.000000 209.000000
180.000000 127.000000
246.000000 127.000000
202.000000 144.000000


3 3
131.000000 189.000000
216.000000 148.000000
196.000000 209.000000
226.000000 201.000000
297.000000 201.000000
242.000000 151.000000


3 3
131.000000 189.000000
216.000000 148.000000
196.000000 209.000000
42.000000 225.000000
61.000000 261.000000
100.000000 222.000000


3 3
131.000000 189.000000
216.000000 148.000000
196.000000 209.000000
84.000000 261.000000
99.000000 246.000000
102.000000 260.000000


3 3
131.000000 189.000000
216.000000 148.000000
196.000000 209.000000
72.000000 309.000000
157.000000 224.000000
167.000000 309.000000


3 3
131.000000 189.000000
216.000000 148.000000
196.000000 209.000000
170.000000 221.000000
229.000000 221.000000
199.000000 245.000000


3 3
131.000000 189.000000
216.000000 148.000000
196.000000 209.000000
190.000000 90.000000
153.000000 47.000000
225.000000 108.000000


3 3
131.000000 189.000000
216.000000 148.000000
196.000000 209.000000
165.000000 230.000000
168.000000 242.000000
172.000000 233.000000


3 6
131.000000 189.000000
216.000000 148.000000
196.000000 209.000000
143.000000 146.000000
133.000000 156.000000
138.000000 170.000000
150.000000 173.000000
161.000000 166.000000
161.000000 152.000000


3 5
131.000000 189.000000
216.000000 148.000000
196.000000 209.000000
109.000000 208.000000
100.000000 236.000000
111.000000 253.000000
122.000000 250.000000
161.000000 206.000000


3 6
131.000000 189.000000
216.000000 148.000000
196.000000 209.000000
177.000000 273.000000
174.000000 309.000000
202.000000 377.000000
417.000000 375.000000
490.000000 270.000000
268.000000 239.000000


3 4
180.000000 127.000000
246.000000 127.000000
202.000000 144.000000
0.000000 0.000000
-1.000000 0.000000
-1.000000 -1.000000
0.000000 -1.000000


3 4
180.000000 127.000000
246.000000 127.000000
202.000000 144.000000
2.000000 0.000000
2.000000 -1.000000
3.000000 -1.000000
3.000000 0.000000


3 4
180.000000 127.000000
246.000000 127.000000
202.000000 144.000000
247.000000 208.000000
247.000000 235.000000
375.000000 235.000000
375.000000 208.000000


3 3
180.000000 127.000000
246.000000 127.000000
202.000000 144.000000
85.000000 101.000000
116.000000 168.000000
168.000000 103.000000


3 3
180.000000 127.000000
246.000000 127.000000
202.000000 144.000000
131.000000 189.000000
216.000000 148.000000
196.000000 209.000000


3 3
180.000000 127.000000
246.000000 127.000000
202.000000 144.000000
226.000000 201.000000
297.000000 201.000000
242.000000 151.000000


3 3
180.000000 127.000000
246.000000 127.000000
202.000000 144.000000
42.000000 225.000000
61.000000 261.000000
100.000000 222.000000


3 3
180.000000 127.000000
246.000000 127.000000
202.000000 144.000000
84.000000 261.000000
99.000000 246.000000
102.000000 260.000000


3 3
180.000000 127.000000
246.000000 127.000000
202.000000 144.000000
72.000000 309.000000
157.000000 224.000000
167.000000 309.000000


3 3
180.000000 127.000000
246.000000 127.000000
202.000000 144.000000
170.000000 221.000000
229.000000 221.000000
199.000000 245.000000


3 3
180.000000 127.000000
246.000000 127.000000
202.000000 144.000000
190.000000 90.000000
153.000000 47.000000
225.000000 108.000000


3 3
180.000000 127.000000
246.000000 127.000000
202.000000 144.000000
165.000000 230.000000
168.000000 242.000000
172.000000 233.000000


3 6
180.000000 127.000000
246.000000 127.000000
202.000000 144.000000
143.000000 146.000000
133.000000 156.000000
138.000000 170.000000
150.000000 173.000000
161.000000 166.000000
161.000000 152.000000


3 5
180.000000 127.000000
246.000000 127.000000
202.000000 144.000000
109.000000 208.000000
100.000000 236.000000
111.000000 253.000000
122.000000 250.000000
161.000000 206.000000


3 6
180.000000 127.000000
246.000000 127.000000
202.000000 144.000000
177.000000 273.000000
174.000000 309.000000
202.000000 377.000000
417.000000 375.000000
490.000000 270.000000
268.000000 239.000000


3 4
226.000000 201.000000
297.000000 201.000000
242.000000 151.000000
0.000000 0.000000
-1.000000 0.000000
-1.000000 -1.000000
0.000000 -1.000000


3 4
226.000000 201.000000
297.000000 201.000000
242.000000 151.000000
2.000000 0.000000
2.000000 -1.000000
3.000000 -1.000000
3.000000 0.000000


3 4
226.000000 201.000000
297.000000 201.000000
242.000000 151.000000
247.000000 208.000000
247.000000 235.000000
375.000000 235.000000
375.000000 208.000000


3 3
226.000000 201.000000
297.000000 201.000000
242.000000 151.000000
85.000000 101.000000
116.000000 168.000000
168.000000 103.000000


3 3
226.000000 201.000000
297.000000 201.000000
242.000000 151.000000
131.000000 189.000000
216.000000 148.000000
196.000000 209.000000


3 3
226.000000 201.000000
297.000000 201.000000
242.000000 151.000000
180.000000 127.000000
246.000000 127.000000
202.000000 144.000000


3 3
226.000000 201.000000
297.000000 201.000000
242.000000 151.000000
42.000000 225.000000
61.000000 261.000000
100.000000 222.000000


3 3
226.000000 201.000000
297.000000 201.000000
242.000000 151.000000
84.000000 261.000000
99.000000 246.000000
102.000000 260.000000


3 3
226.000000 201.000000
297.000000 201.000000
242.000000 151.000000
72.000000 309.000000
157.000000 224.000000
167.000000 309.000000


3 3
226.000000 201.000000
297.000000 201.000000
242.000000 151.000000
170.000000 221.000000
229.000000 221.000000
199.000000 245.000000


3 3
226.000000 201.000000
297.000000 201.000000
242.000000 151.000000
190.000000 90.000000
153.000000 47.000000
225.000000 108.000000


3 3
226.000000 201.000000
297.000000 201.000000
242.000000 151.000000
165.000000 230.000000
168.000000 242.000000
172.000000 233.000000


3 6
226.000000 201.000000
297.000000 201.000000
242.000000 151.000000
143.000000 146.000000
133.000000 156.000000
138.000000 170.000000
150.000000 173.000000
161.000000 166.000000
161.000000 152.000000


3 5
226.000000 201.000000
297.000000 201.000000
242.000000 151.000000
109.000000 208.000000
100.000000 236.000000
111.000000 253.000000
122.000000 250.000000
161.000000 206.000000


3 6
226.000000 201.000000
297.000000 201.000000
242.000000 151.000000
177.000000 273.000000
174.000000 309.000000
202.000000 377.000000
417.000000 375.000000
490.000000 270.000000
268.000000 239.000000


3 4
42.000000 225.000000
61.000000 261.000000
100.000000 222.000000
0.000000 0.000000
-1.000000 0.000000
-1.000000 -1.000000
0.000000 -1.000000


3 4
42.000000 225.000000
61.000000 261.000000
100.000000 222.000000
2.000000 0.000000
2.000000 -1.000000
3.000000 -1.000000
3.000000 0.000000


3 4
42.000000 225.000000
61.000000 261.000000
100.000000 222.000000
247.000000 208.000000
247.000000 235.000000
375.000000 235.000000
375.000000 208.000000


3 3
42.000000 225.000000
61.000000 261.000000
100.000000 222.000000
85.000000 101.000000
116.000000 168.000000
168.000000 103.000000


3 3
42.000000 225.000000
61.000000 261.000000
100.000000 222.000000
131.000000 189.000000
216.000000 148.000000
196.000000 209.000000


3 3
42.000000 225.000000
61.000000 261.000000
100.000000 222.000000
180.000000 127.000000
246.000000 127.000000
202.000000 144.000000


3 3
42.000000 225.000000
61.000000 261.000000
100.000000 222.000000
226.000000 201.000000
297.000000 201.000000
242.000000 151.000000


3 3
42.000000 225.000000
61.000000 261.000000
100.000000 222.000000
84.000000 261.000000
99.000000 246.000000
102.000000 260.000000


3 3
42.000000 225.000000
61.000000 261.000000
100.000000 222.000000
72.000000 309.000000
157.000000 224.000000
167.000000 309.000000


3 3
42.000000 225.000000
61.000000 261.000000
100.000000 222.000000
170.000000 221.000000
229.000000 221.000000
199.000000 245.000000


3 3
42.000000 225.000000
61.000000 261.000000
100.000000 222.000000
190.000000 90.000000
153.000000 47.000000
225.000000 108.000000


3 3
42.000000 225.000000
61.000000 261.000000
100.000000 222.000000
165.000000 230.000000
168.000000 242.000000
172.000000 233.000000


3 6
42.000000 225.000000
61.000000 261.000000
100.000000 222.000000
143.000000 146.000000
133.000000 156.000000
138.000000 170.000000
150.000000 173.000000
161.000000 166.000000
161.000000 152.000000


3 5
42.000000 225.000000
61.000000 261.000000
100.000000 222.000000
109.000000 208.000000
100.000000 236.000000
111.000000 253.000000
122.000000 250.000000
161.000000 206.000000


3 6
42.000000 225.000000
61.000000 261.000000
100.000000 222.000000
177.000000 273.000000
174.000000 309.000000
202.000000 377.000000
417.000000 375.000000
490.000000 270.000000
268.000000 239.000000


3 4
84.000000 261.000000
99.000000 246.000000
102.000000 260.000000
0.000000 0.000000
-1.000000 0.000000
-1.000000 -1.000000
0.000000 -1.000000


3 4
84.000000 261.000000
99.000000 246.000000
102.000000 260.000000
2.000000 0.000000
2.000000 -1.000000
3.000000 -1.000000
3.000000 0.000000


3 4
84.000000 261.000000
99.000000 246.000000
102.000000 260.000000
247.000000 208.000000
247.000000 235.000000
375.000000 235.000000
375.000000 208.000000


3 3
84.000000 261.000000
99.000000 246.000000
102.000000 260.000000
85.000000 101.000000
116.000000 168.000000
168.000000 103.000000


3 3
84.000000 261.000000
99.000000 246.000000
102.000000 260.000000
131.000000 189.000000
216.000000 148.000000
196.000000 209.000000


3 3
84.000000 261.000000
99.000000 246.000000
102.000000 260.000000
180.000000 127.000000
246.000000 127.000000
202.000000 144.000000


3 3
84.000000 261.000000
99.000000 246.000000
102.000000 260.000000
226.000000 201.000000
297.000000 201.000000
242.000000 151.000000


3 3
84.000000 261.000000
99.000000 246.000000
102.000000 260.000000
42.000000 225.000000
61.000000 261.000000
100.000000 222.000000


3 3
84.000000 261.000000
99.000000 246.000000
102.000000 260.000000
72.000000 309.000000
157.000000 224.000000
167.000000 309.000000


3 3
84.000000 261.000000
99.000000 246.000000
102.000000 260.000000
170.000000 221.000000
229.000000 221.000000
199.000000 245.000000


3 3
84.000000 261.000000
99.000000 246.000000
102.000000 260.000000
190.000000 90.000000
153.000000 47.000000
225.000000 108.000000


3 3
84.000000 261.000000
99.000000 246.000000
102.000000 260.000000
165.000000 230.000000
168.000000 242.000000
172.000000 233.000000


3 6
84.000000 261.000000
99.000000 246.000000
102.000000 260.000000
143.000000 146.000000
133.000000 156.000000
138.000000 170.000000
150.000000 173.000000
161.000000 166.000000
161.000000 152.000000


3 5
84.000000 261.000000
99.000000 246.000000
102.000000 260.000000
109.000000 208.000000
100.000000 236.000000
111.000000 253.000000
122.000000 250.000000
161.000000 206.000000


3 6
84.000000 261.000000
99.000000 246.000000
102.000000 260.000000
177.000000 273.000000
174.000000 309.000000
202.000000 377.000000
417.000000 375.000000
490.000000 270.000000
268.000000 239.000000


3 4
72.000000 309.000000
157.000000 224.000000
167.000000 309.000000
0.000000 0.000000
-1.000000 0.000000
-1.000000 -1.000000
0.000000 -1.000000


3 4
72.000000 309.000000
157.000000 224.000000
167.000000 309.000000
2.000000 0.000000
2.000000 -1.000000
3.000000 -1.000000
3.000000 0.000000


3 4
72.000000 309.000000
157.000000 224.000000
167.000000 309.000000
247.000000 208.000000
247.000000 235.000000
375.000000 235.000000
375.000000 208.000000


3 3
72.000000 309.000000
157.000000 224.000000
167.000000 309.000000
85.000000 101.000000
116.000000 168.000000
168.000000 103.000000


3 3
72.000000 309.000000
157.000000 224.000000
167.000000 309.000000
131.000000 189.000000
216.000000 148.000000
196.000000 209.000000


3 3
72.000000 309.000000
157.000000 224.000000
167.000000 309.000000
180.000000 127.000000
246.000000 127.000000
202.000000 144.000000


3 3
72.000000 309.000000
157.000000 224.000000
167.000000 309.000000
226.000000 201.000000
297.000000 201.000000
242.000000 151.000000


3 3
72.000000 309.000000
157.000000 224.000000
167.000000 309.000000
42.000000 225.000000
61.000000 261.000000
100.000000 222.000000


3 3
72.000000 309.000000
157.000000 224.000000
167.000000 309.000000
84.000000 261.000000
99.000000 246.000000
102.000000 260.000000


3 3
72.000000 309.000000
157.000000 224.000000
167.000000 309.000000
170.000000 221.000000
229.000000 221.000000
199.000000 245.000000


3 3
72.000000 309.000000
157.000000 224.000000
167.000000 309.000000
190.000000 90.000000
153.000000 47.000000
225.000000 108.000000


3 3
72.000000 309.000000
157.000000 224.000000
167.000000 309.000000
165.000000 230.000000
168.000000 242.000000
172.000000 233.000000


3 6
72.000000 309.000000
157.000000 224.000000
167.000000 309.000000
143.000000 146.000000
133.000000 156.000000
138.000000 170.000000
150.000000 173.000000
161.000000 166.000000
161.000000 152.000000


3 5
72.000000 309.000000
157.000000 224.000000
167.000000 309.000000
109.000000 208.000000
100.000000 236.000000
111.000000 253.000000
122.000000 250.000000
161.000000 206.000000


3 6
72.000000 309.000000
157.000000 224.000000
167.000000 309.000000
177.000000 273.000000
174.000000 309.000000
202.000000 377.000000
417.000000 375.000000
490.000000 270.000000
268.000000 239.000000


3 4
170.000000 221.000000
229.000000 221.000000
199.000000 245.000000
0.000000 0.000000
-1.000000 0.000000
-1.000000 -1.000000
0.000000 -1.000000


3 4
170.000000 221.000000
229.000000 221.000000
199.000000 245.000000
2.000000 0.000000
2.000000 -1.000000
3.000000 -1.000000
3.000000 0.000000


3 4
170.000000 221.000000
229.000000 221.000000
199.000000 245.000000
247.000000 208.000000
247.000000 235.000000
375.000000 235.000000
375.000000 208.000000


3 3
170.000000 221.000000
229.000000 221.000000
199.000000 245.000000
85.000000 101.000000
116.000000 168.000000
168.000000 103.000000


3 3
170.000000 221.000000
229.000000 221.000000
199.000000 245.000000
131.000000 189.000000
216.000000 148.000000
196.000000 209.000000


3 3
170.000000 221.000000
229.000000 221.000000
199.000000 245.000000
180.000000 127.000000
246.000000 127.000000
202.000000 144.000000


3 3
170.000000 221.000000
229.000000 221.000000
199.000000 245.000000
226.000000 201.000000
297.000000 201.000000
242.000000 151.000000


3 3
170.000000 221.000000
229.000000 221.000000
199.000000 245.000000
42.000000 225.000000
61.000000 261.000000
100.000000 222.000000


3 3
170.000000 221.000000
229.000000 221.000000
199.000000 245.000000
84.000000 261.000000
99.000000 246.000000
102.000000 260.000000


3 3
170.000000 221.000000
229.000000 221.000000
199.000000 245.000000
72.000000 309.000000
157.000000 224.000000
167.000000 309.000000


3 3
170.000000 221.000000
229.000000 221.000000
199.000000 245.000000
190.000000 90.000000
153.000000 47.000000
225.000000 108.000000


3 3
170.000000 221.000000
229.000000 221.000000
199.000000 245.000000
165.000000 230.000000
168.000000 242.000000
172.000000 233.000000


3 6
170.000000 221.000000
229.000000 221.000000
199.000000 245.000000
143.000000 146.000000
133.000000 156.000000
138.000000 170.000000
150.000000 173.000000
161.000000 166.000000
161.000000 152.000000


3 5
170.000000 221.000000
229.000000 221.000000
199.000000 245.000000
109.000000 208.000000
100.000000 236.000000
111.000000 253.000000
122.000000 250.000000
161.000000 206.000000


3 6
170.000000 221.000000
229.000000 221.000000
199.000000 245.000000
177.000000 273.000000
174.000000 309.000000
202.000000 377.000000
417.000000 375.000000
490.000000 270.000000
268.000000 239.000000


3 4
190.000000 90.000000
153.000000 47.000000
225.000000 108.000000
0.000000 0.000000
-1.000000 0.000000
-1.000000 -1.000000
0.000000 -1.000000


3 4
190.000000 90.000000
153.000000 47.000000
225.000000 108.000000
2.000000 0.000000
2.000000 -1.000000
3.000000 -1.000000
3.000000 0.000000


3 4
190.000000 90.000000
153.000000 47.000000
225.000000 108.000000
247.000000 208.000000
247.000000 235.000000
375.000000 235.000000
375.000000 208.000000


3 3
190.000000 90.000000
153.000000 47.000000
225.000000 108.000000
85.000000 101.000000
116.000000 168.000000
168.000000 103.000000


3 3
190.000000 90.000000
153.000000 47.000000
225.000000 108.000000
131.000000 189.000000
216.000000 148.000000
196.000000 209.000000


3 3
190.000000 90.000000
153.000000 47.000000
225.000000 108.000000
180.000000 127.000000
246.000000 127.000000
202.000000 144.000000


3 3
190.000000 90.000000
153.000000 47.000000
225.000000 108.000000
226.000000 201.000000
297.000000 201.000000
242.000000 151.000000


3 3
190.000000 90.000000
153.000000 47.000000
225.000000 108.000000
42.000000 225.000000
61.000000 261.000000
100.000000 222.000000


3 3
190.000000 90.000000
153.000000 47.000000
225.000000 108.000000
84.000000 261.000000
99.000000 246.000000
102.000000 260.000000


3 3
190.000000 90.000000
153.000000 47.000000
225.000000 108.000000
72.000000 309.000000
157.000000 224.000000
167.000000 309.000000


3 3
190.000000 90.000000
153.000000 47.000000
225.000000 108.000000
170.000000 221.000000
229.000000 221.000000
199.000000 245.000000


3 3
190.000000 90.000000
153.000000 47.000000
225.000000 108.000000
165.000000 230.000000
168.000000 242.000000
172.000000 233.000000


3 6
190.000000 90.000000
153.000000 47.000000
225.000000 108.000000
143.000000 146.000000
133.000000 156.000000
138.000000 170.000000
150.000000 173.000000
161.000000 166.000000
161.000000 152.000000


3 5
190.000000 90.000000
153.000000 47.000000
225.000000 108.000000
109.000000 208.000000
100.000000 236.000000
111.000000 253.000000
122.000000 250.000000
161.000000 206.000000


3 6
190.000000 90.000000
153.000000 47.000000
225.000000 108.000000
177.000000 273.000000
174.000000 309.000000
202.000000 377.000000
417.000000 375.000000
490.000000 270.000000
268.000000 239.000000


3 4
165.000000 230.000000
168.000000 242.000000
172.000000 233.000000
0.000000 0.000000
-1.000000 0.000000
-1.000000 -1.000000
0.000000 -1.000000


3 4
165.000000 230.000000
168.000000 242.000000
172.000000 233.000000
2.000000 0.000000
2.000000 -1.000000
3.000000 -1.000000
3.000000 0.000000


3 4
165.000000 230.000000
168.000000 242.000000
172.000000 233.000000
247.000000 208.000000
247.000000 235.000000
375.000000 235.000000
375.000000 208.000000


3 3
165.000000 230.000000
168.000000 242.000000
172.000000 233.000000
85.000000 101.000000
116.000000 168.000000
168.000000 103.000000


3 3
165.000000 230.000000
168.000000 242.000000
172.000000 233.000000
131.000000 189.000000
216.000000 148.000000
196.000000 209.000000


3 3
165.000000 230.000000
168.000000 242.000000
172.000000 233.000000
180.000000 127.000000
246.000000 127.000000
202.000000 144.000000


3 3
165.000000 230.000000
168.000000 242.000000
172.000000 233.000000
226.000000 201.000000
297.000000 201.000000
242.000000 151.000000


3 3
165.000000 230.000000
168.000000 242.000000
172.000000 233.000000
42.000000 225.000000
61.000000 261.000000
100.000000 222.000000


3 3
165.000000 230.000000
168.000000 242.000000
172.000000 233.000000
84.000000 261.000000
99.000000 246.000000
102.000000 260.000000


3 3
165.000000 230.000000
168.000000 242.000000
172.000000 233.000000
72.000000 309.000000
157.000000 224.000000
167.000000 309.000000


3 3
165.000000 230.000000
168.000000 242.000000
172.000000 233.000000
170.000000 221.000000
229.000000 221.000000
199.000000 245.000000


3 3
165.000000 230.000000
168.000000 242.000000
172.000000 233.000000
190.000000 90.000000
153.000000 47.000000
225.000000 108.000000


3 6
165.000000 230.000000
168.000000 242.000000
172.000000 233.000000
143.000000 146.000000
133.000000 156.000000
138.000000 170.000000
150.000000 173.000000
161.000000 166.000000
161.000000 152.000000


3 5
165.000000 230.000000
168.000000 242.000000
172.000000 233.000000
109.000000 208.000000
100.000000 236.000000
111.000000 253.000000
122.000000 250.000000
161.000000 206.000000


3 6
165.000000 230.000000
168.000000 242.000000
172.000000 233.000000
177.000000 273.000000
174.000000 309.000000
202.000000 377.000000
417.000000 375.000000
490.000000 270.000000
268.000000 239.000000


6 4
143.000000 146.000000
133.000000 156.000000
138.000000 170.000000
150.000000 173.000000
161.000000 166.000000
161.000000 152.000000
0.000000 0.000000
-1.000000 0.000000
-1.000000 -1.000000
0.000000 -1.000000


6 4
143.000000 146.000000
133.000000 156.000000
138.000000 170.000000
150.000000 173.000000
161.000000 166.000000
161.000000 152.000000
2.000000 0.000000
2.000000 -1.000000
3.000000 -1.000000
3.000000 0.000000


6 4
143.000000 146.000000
133.000000 156.000000
138.000000 170.000000
150.000000 173.000000
161.000000 166.000000
161.000000 152.000000
247.000000 208.000000
247.000000 235.000000
375.000000 235.000000
375.000000 208.000000


6 3
143.000000 146.000000
133.000000 156.000000
138.000000 170.000000
150.000000 173.000000
161.000000 166.000000
161.000000 152.000000
85.000000 101.000000
116.000000 168.000000
168.000000 103.000000


6 3
143.000000 146.000000
133.000000 156.000000
138.000000 170.000000
150.000000 173.000000
161.000000 166.000000
161.000000 152.000000
131.000000 189.000000
216.000000 148.000000
196.000000 209.000000


6 3
143.000000 146.000000
133.000000 156.000000
138.000000 170.000000
150.000000 173.000000
161.000000 166.000000
161.000000 152.000000
180.000000 127.000000
246.000000 127.000000
202.000000 144.000000


6 3
143.000000 146.000000
133.000000 156.000000
138.000000 170.000000
150.000000 173.000000
161.000000 166.000000
161.000000 152.000000
226.000000 201.000000
297.000000 201.000000
242.000000 151.000000


6 3
143.000000 146.000000
133.000000 156.000000
138.000000 170.000000
150.000000 173.000000
161.000000 166.000000
161.000000 152.000000
42.000000 225.000000
61.000000 261.000000
100.000000 222.000000


6 3
143.000000 146.000000
133.000000 156.000000
138.000000 170.000000
150.000000 173.000000
161.000000 166.000000
161.000000 152.000000
84.000000 261.000000
99.000000 246.000000
102.000000 260.000000


6 3
143.000000 146.000000
133.000000 156.000000
138.000000 170.000000
150.000000 173.000000
161.000000 166.000000
161.000000 152.000000
72.000000 309.000000
157.000000 224.000000
167.000000 309.000000


6 3
143.000000 146.000000
133.000000 156.000000
138.000000 170.000000
150.000000 173.000000
161.000000 166.000000
161.000000 152.000000
170.000000 221.000000
229.000000 221.000000
199.000000 245.000000


6 3
143.000000 146.000000
133.000000 156.000000
138.000000 170.000000
150.000000 173.000000
161.000000 166.000000
161.000000 152.000000
190.000000 90.000000
153.000000 47.000000
225.000000 108.000000


6 3
143.000000 146.000000
133.000000 156.000000
138.000000 170.000000
150.000000 173.000000
161.000000 166.000000
161.000000 152.000000
165.000000 230.000000
168.000000 242.000000
172.000000 233.000000


6 5
143.000000 146.000000
133.000000 156.000000
138.000000 170.000000
150.000000 173.000000
161.000000 166.000000
161.000000 152.000000
109.000000 208.000000
100.000000 236.000000
111.000000 253.000000
122.000000 250.000000
161.000000 206.000000


6 6
143.000000 146.000000
133.000000 156.000000
138.000000 170.000000
150.000000 173.000000
161.000000 166.000000
161.000000 152.000000
177.000000 273.000000
174.000000 309.000000
202.000000 377.000000
417.000000 375.000000
490.000000 270.000000
268.000000 239.000000


5 4
109.000000 208.000000
100.000000 236.000000
111.000000 253.000000
122.000000 250.000000
161.000000 206.000000
0.000000 0.000000
-1.000000 0.000000
-1.000000 -1.000000
0.000000 -1.000000


5 4
109.000000 208.000000
100.000000 236.000000
111.000000 253.000000
122.000000 250.000000
161.000000 206.000000
2.000000 0.000000
2.000000 -1.000000
3.000000 -1.000000
3.000000 0.000000


5 4
109.000000 208.000000
100.000000 236.000000
111.000000 253.000000
122.000000 250.000000
161.000000 206.000000
247.000000 208.000000
247.000000 235.000000
375.000000 235.000000
375.000000 208.000000


5 3
109.000000 208.000000
100.000000 236.000000
111.000000 253.000000
122.000000 250.000000
161.000000 206.000000
85.000000 101.000000
116.000000 168.000000
168.000000 103.000000


5 3
109.000000 208.000000
100.000000 236.000000
111.000000 253.000000
122.000000 250.000000
161.000000 206.000000
131.000000 189.000000
216.000000 148.000000
196.000000 209.000000


5 3
109.000000 208.000000
100.000000 236.000000
111.000000 253.000000
122.000000 250.000000
161.000000 206.000000
180.000000 127.000000
246.000000 127.000000
202.000000 144.000000


5 3
109.000000 208.000000
100.000000 236.000000
111.000000 253.000000
122.000000 250.000000
161.000000 206.000000
226.000000 201.000000
297.000000 201.000000
242.000000 151.000000


5 3
109.000000 208.000000
100.000000 236.000000
111.000000 253.000000
122.000000 250.000000
161.000000 206.000000
42.000000 225.000000
61.000000 261.000000
100.000000 222.000000


5 3
109.000000 208.000000
100.000000 236.000000
111.000000 253.000000
122.000000 250.000000
161.000000 206.000000
84.000000 261.000000
99.000000 246.000000
102.000000 260.000000


5 3
109.000000 208.000000
100.000000 236.000000
111.000000 253.000000
122.000000 250.000000
161.000000 206.000000
72.000000 309.000000
157.000000 224.000000
167.000000 309.000000


5 3
109.000000 208.000000
100.000000 236.000000
111.000000 253.000000
122.000000 250.000000
161.000000 206.000000
170.000000 221.000000
229.000000 221.000000
199.000000 245.000000


5 3
109.000000 208.000000
100.000000 236.000000
111.000000 253.000000
122.000000 250.000000
161.000000 206.000000
190.000000 90.000000
153.000000 47.000000
225.000000 108.000000


5 3
109.000000 208.000000
100.000000 236.000000
111.000000 253.000000
122.000000 250.000000
161.000000 206.000000
165.000000 230.000000
168.000000 242.000000
172.000000 233.000000


5 6
109.000000 208.000000
100.000000 236.000000
111.000000 253.000000
122.000000 250.000000
161.000000 206.000000
143.000000 146.000000
133.000000 156.000000
138.000000 170.000000
150.000000 173.000000
161.000000 166.000000
161.000000 152.000000


5 6
109.000000 208.000000
100.000000 236.000000
111.000000 253.000000
122.000000 250.000000
161.000000 206.000000
177.000000 273.000000
174.000000 309.000000
202.000000 377.000000
417.000000 375.000000
490.000000 270.000000
268.000000 239.000000


6 4
177.000000 273.000000
174.000000 309.000000
202.000000 377.000000
417.000000 375.000000
490.000000 270.000000
268.000000 239.000000
0.000000 0.000000
-1.000000 0.000000
-1.000000 -1.000000
0.000000 -1.000000


6 4
177.000000 273.000000
174.000000 309.000000
202.000000 377.000000
417.000000 375.000000
490.000000 270.000000
268.000000 239.000000
2.000000 0.000000
2.000000 -1.000000
3.000000 -1.000000
3.000000 0.000000


6 4
177.000000 273.000000
174.000000 309.000000
202.000000 377.000000
417.000000 375.000000
490.000000 270.000000
268.000000 239.000000
247.000000 208.000000
247.000000 235.000000
375.000000 235.000000
375.000000 208.000000


6 3
177.000000 273.000000
174.000000 309.000000
202.000000 377.000000
417.000000 375.000000
490.000000 270.000000
268.000000 239.000000
85.000000 101.000000
116.000000 168.000000
168.000000 103.000000


6 3
177.000000 273.000000
174.000000 309.000000
202.000000 377.000000
417.000000 375.000000
490.000000 270.000000
268.000000 239.000000
131.000000 189.000000
216.000000 148.000000
196.000000 209.000000


6 3
177.000000 273.000000
174.000000 309.000000
202.000000 377.000000
417.000000 375.000000
490.000000 270.000000
268.000000 239.000000
180.000000 127.000000
246.000000 127.000000
202.000000 144.000000


6 3
177.000000 273.000000
174.000000 309.000000
202.000000 377.000000
417.000000 375.000000
490.000000 270.000000
268.000000 239.000000
226.000000 201.000000
297.000000 201.000000
242.000000 151.000000


6 3
177.000000 273.000000
174.000000 309.000000
202.000000 377.000000
417.000000 375.000000
490.000000 270.000000
268.000000 239.000000
42.000000 225.000000
61.000000 261.000000
100.000000 222.000000


6 3
177.000000 273.000000
174.000000 309.000000
202.000000 377.000000
417.000000 375.000000
490.000000 270.000000
268.000000 239.000000
84.000000 261.000000
99.000000 246.000000
102.000000 260.000000


6 3
177.000000 273.000000
174.000000 309.000000
202.000000 377.000000
417.000000 375.000000
490.000000 270.000000
268.000000 239.000000
72.000000 309.000000
157.000000 224.000000
167.000000 309.000000


6 3
177.000000 273.000000
174.000000 309.000000
202.000000 377.000000
417.000000 375.000000
490.000000 270.000000
268.000000 239.000000
170.000000 221.000000
229.000000 221.000000
199.000000 245.000000


6 3
177.000000 273.000000
174.000000 309.000000
202.000000 377.000000
417.000000 375.000000
490.000000 270.000000
268.000000 239.000000
190.000000 90.000000
153.000000 47.000000
225.000000 108.000000


6 3
177.000000 273.000000
174.000000 309.000000
202.000000 377.000000
417.000000 375.000000
490.000000 270.000000
268.000000 239.000000
165.000000 230.000000
168.000000 242.000000
172.000000 233.000000


6 6
177.000000 273.000000
174.000000 309.000000
202.000000 377.000000
417.000000 375.000000
490.000000 270.000000
268.000000 239.000000
143.000000 146.000000
133.000000 156.000000
138.000000 170.000000
150.000000 173.000000
161.000000 166.000000
161.000000 152.000000


6 5
177.000000 273.000000
174.000000 309.000000
202.000000 377.000000
417.000000 375.000000
490.000000 270.000000
268.000000 239.000000
109.000000 208.000000
100.000000 236.000000
111.000000 253.000000
122.000000 250.000000
161.000000 206.000000


0 0
