-7.75 -4.57 9.00
17.81 -56.48 26.50
-0.02 0.18 0.17
-1.04 0.41 1.50
0.44 -1.21 2.69
0.27 -0.33 0.47
0.00 0.43 0.52
0.14 0.22 0.89
1.42 0.46 0.08
-0.75 0.42 0.41
-0.59 0.28 1.00
0.46 0.36 0.45
0.38 -0.78 5.23
-1.42 -0.45 1.54
-0.38 0.58 0.40
INF
0.60 -0.24 1.46
0.03 1.13 0.02
0.15 -0.01 0.31
2.18 -1.63 2.42
26.36 -18.65 17.00
0.43 0.06 0.36
-1.21 -0.57 2.32
9.18 -5.85 42.50
-2.35 -1.81 4.24
0.00 0.05 1.33
-0.33 -0.09 0.74
-0.44 -0.35 0.93
1.69 -1.20 1.41
0.29 -2.18 2.76
-0.40 -0.75 0.90
0.86 -0.18 0.26
4.99 -6.12 2.18
0.29 0.59 1.08
-40.15 -40.81 49.50
-49.64 -13.84 18.60
0.66 0.11 0.70
0.15 -1.43 2.35
INF
-4.50 -6.12 5.70
0.29 0.07 0.87
-1.09 1.44 0.26
-3.78 -6.85 6.45
-0.97 3.91 0.47
0.64 0.56 0.10
0.63 0.41 0.36
-0.05 -1.25 2.19
0.07 -1.55 2.24
-0.05 0.63 0.40
-0.27 1.22 0.72
-0.37 2.15 1.83
0.34 -0.04 0.07
-2.13 1.06 1.00
-0.23 0.18 0.56
-3.71 2.13 2.20
0.36 -1.97 1.32
0.71 0.33 0.44
-26.03 -10.95 77.00
-2.59 2.36 0.64
6.34 -12.59 10.50
0.23 0.07 0.52
0.40 -0.12 0.48
-0.25 -0.41 0.90
13.57 -15.40 23.00
INF
0.51 0.02 1.63
-0.04 -0.27 1.40
-0.87 -0.86 2.57
-1.01 0.12 1.96
0.63 -0.36 1.25
0.03 -0.18 1.24
-2.81 -0.90 2.32
0.14 0.56 0.55
INF
26.33 -25.34 30.50
-3.46 -12.14 11.50
0.81 1.12 0.04
0.56 0.69 0.27
0.86 -1.09 1.30
0.08 -0.13 0.80
-8.29 -1.34 9.80
0.15 0.70 0.00
-1.87 0.78 1.79
-0.03 0.54 0.62
-0.05 0.58 1.32
-57.54 -4.87 36.50
0.38 -3.11 1.00
-1.15 -5.63 6.00
-1.11 -1.31 3.67
-0.48 0.38 0.68
-2.88 -1.35 3.50
0.52 -0.25 2.69
0.75 -2.43 2.00
0.46 -0.51 1.66
0.57 -0.86 2.06
0.59 -0.65 0.97
-0.57 0.61 0.11
0.77 -0.04 1.09
-0.59 -3.52 2.17
-1.00 1.26 0.60
