1.52 -0.74 -0.37
0.61 -1.35 1.27
-0.06 0.23 0.10
-2.12 2.13 0.72
-14.03 89.04 -112.07
0.18 -0.89 0.78
0.00 0.48 0.51
0.89 0.32 0.20
1.78 0.13 -0.07
-0.18 0.75 -0.30
9.04 -17.34 13.43
1.50 0.34 -0.60
-0.25 -1.78 9.46
-0.08 0.70 -0.13
0.14 0.82 -0.06
1.87 1.43 -1.90
-25.19 14.72 1.21
0.08 1.20 -0.14
2.24 -0.31 -1.55
1.26 -0.60 0.38
0.48 0.69 -0.18
0.18 1.09 -0.96
-0.64 1.14 -0.41
0.61 0.34 21.86
0.81 1.26 -1.68
0.03 0.08 1.28
-0.86 -0.49 1.65
0.37 -0.82 0.62
3.47 -0.03 0.11
0.69 1.32 -1.19
3.79 10.90 -8.38
-9.00 -21.11 16.89
-8.47 13.80 -4.08
0.86 0.01 0.07
2.87 2.49 -2.69
-198.23 13.72 49.70
3.87 -5.13 3.46
-0.33 -6.97 11.76
-7.64 4.47 4.37
1.03 0.06 -0.60
-4.16 4.46 0.68
-1.34 1.71 -0.31
1.54 1.49 -1.26
-1.56 0.22 1.30
0.75 0.47 -0.60
1.00 -0.10 0.29
3.58 -0.30 -0.72
0.40 -11.77 13.70
3.47 -0.56 -1.37
-0.15 1.39 0.01
-0.62 2.63 1.94
1.03 3.21 -4.62
-1.27 2.15 -0.31
-0.32 0.37 0.43
2.12 3.37 -4.06
-1.08 7.86 -4.58
1.36 -0.72 0.01
-0.27 1.08 0.48
1.37 -0.72 0.29
-0.62 1.25 -0.48
0.30 -0.30 0.34
0.46 -0.23 0.52
-0.12 2.61 -1.97
-0.33 0.39 1.33
0.03 2.53 -4.35
0.37 0.47 0.98
-2.13 0.11 2.68
-37.80 -13.99 71.19
-9.30 2.17 12.36
0.29 -0.84 2.02
0.05 -0.20 1.26
7.30 0.44 -2.74
0.02 1.04 -0.32
2.08 2.19 -8.21
1.42 -0.21 0.83
0.13 0.66 0.12
1.23 0.46 -0.22
0.94 0.23 -0.53
0.72 -0.64 0.31
-0.05 -0.28 0.97
-2.67 1.61 1.11
1.58 0.17 -0.75
-0.77 1.28 0.65
-0.99 1.45 1.13
0.01 0.67 1.05
-17.25 15.71 -3.74
0.27 -1.71 0.81
0.22 0.90 -0.53
4.47 -1.45 -3.92
-1.49 0.29 1.81
-0.91 0.84 0.70
0.64 -0.11 1.80
0.61 -0.09 0.37
4.07 -11.87 13.78
0.39 -2.79 4.19
1.21 -1.17 0.47
-0.59 -0.06 0.67
0.55 0.46 0.61
5.53 0.83 -3.86
12.79 -1.92 -6.64
