301284164
57619964
811891277
620525848
964533719
389099730
455095460
923881172
923101649
238088070
171312817
629305522
6505987
997487722
962149416
70937834
658399063
806786715
117991450
270537641
823180246
29780855
272974372
981221515
902306190
484669892
563493017
266495518
406706869
56557787
853854195
272575202
699348401
468218490
854506790
517073713
502963887
231398398
404828607
470696195
818779950
831495955
881054709
730128019
937425223
773782528
948141450
754462596
945112751
679669689
302447619
878348233
103708393
706010601
538029961
815525073
423939920
327903801
139727461
779617151
577077728
440780708
426417625
865930556
454149703
847974644
77562996
399623729
40992934
629834448
600904469
617891366
622636858
602653771
895955372
703415073
635983624
885747867
278541051
720845593
553105069
650295187
285093316
844571063
774671481
238714757
877923791
169409855
460247359
982755122
309023744
541801090
114172239
526982672
348990619
680725194
121507645
133531701
726990376
562061827
519353070
336629387
698706308
788925751
461622061
423419948
19166375
293525355
216575472
901499094
978981082
942829503
157350434
40122997
175406293
812012517
356096838
536626756
133009848
689269198
148325367
868320613
683106809
647837128
651313223
894292649
847524275
419731140
217462122
474633416
484162987
170883063
26761115
875461440
488756394
123412767
787250845
571451246
296350308
282175041
267726009
191098184
208123072
384146049
891895916
609185012
281442331
709401559
872153364
85100604
231058014
355788754
647473081
3016861
148743778
50336418
686788314
971338538
296252432
518350098
205056449
142318448
899381343
342626845
135120858
327389250
655181009
118395873
395209261
610483346
691766204
445581072
771323822
65275987
503312069
357055063
189652281
749443110
97898191
926879845
678466112
282987643
68249381
840277964
591820527
677615952
534168957
309385866
880439578
364398702
189121782
173443870
509543308
866031212
379163217
480541515
497500962
918291965
875574058
742702609
683025255
168624100
360860467
129723838
801506638
259791493
739337926
789175734
597979622
475848319
194264699
663547503
146185159
765253159
177338690
225411658
270958854
698208175
469922101
198497461
285441498
970227728
559495155
517461672
157042032
264793745
257658762
535614746
438092255
608296526
756095669
450136028
936291178
310441371
699499604
617826523
812403765
29495096
490866417
387135526
653929605
941563465
819395562
562094762
317662705
595447256
473183102
204192638
885691846
224578697
881294076
898535114
873751285
971353803
353171991
394583709
702882042
750162930
396799507
930158699
224461875
985745272
643731026
871655231
764341307
966177767
217810304
600290081
268986661
449629978
304123709
970845330
286167797
674516744
916319356
637946682
938273738
205328397
855026568
819058714
786115031
868440871
977309305
76618281
252955678
759907698
827376661
237738318
588831515
494463568
945969411
304938762
405351408
351274315
593499078
253087732
21951721
378517862
903401441
137384592
125692067
796705930
703937547
569222956
650227328
555196329
80513101
967068381
164835340
148177266
227118904
289828014
859857454
42378728
121731308
239787825
339692247
497432356
381022656
754304182
556818624
772360041
586886671
902171029
988248042
878202555
124028931
359445021
625922238
856992063
866128343
339100348
81759411
934580950
722052989
276592997
560897723
674781636
173369970
410418156
929657331
830524735
274578824
748360736
671420003
432854811
521132978
64904525
822225229
243295109
630479981
850666548
643016312
196925005
321464993
653431472
622559815
556270962
424116312
270479705
861417056
774069302
457979929
171504509
537652309
261314035
298260019
308397165
915436955
447211181
794248131
880313565
760393336
866300663
874241851
569094515
828774561
379553329
631292187
858380497
367597836
562442944
443319370
380270930
751930017
481555232
981075736
21990100
434153700
29359272
940246721
615032880
276325347
981884268
332598219
329910536
881094329
17327735
690139497
957258619
694237165
826878528
916979021
325706915
356485118
898786411
570908562
706237608
605061606
877556094
566161344
400216033
776487120
338047321
99370671
202403550
712983521
390686555
847008763
118670658
40903038
616217700
590863822
752325501
804739243
154555350
137033789
494811750
73381723
89762436
684098323
628636909
688882968
50499135
573055698
507586373
969896877
779308022
48845423
385762136
333653724
148970562
136277797
640609718
546190723
938581728
215341479
103400563
379756618
647601515
287915
340875058
423653209
496395455
640630144
404143120
661016203
480003471
416986388
472460680
746227957
899246182
846204995
449830396
184922663
607919161
687760324
398347129
205792134
331518151
59121993
851397982
270255263
276941179
686554388
459605310
452116885
687780750
26796868
627936138
825682801
877429247
737915439
427920955
745688055
518983610
392797565
485128815
625526300
289222651
328320152
553510040
792778482
356027666
78354897
780822989
780661697
954047723
793496083
264414017
699773985
740301373
240208853
732630574
786829262
240479242
910503099
671766258
250082863
450885901
3982689
861346982
312797954
254398355
187115243
850866818
333888381
314175579
592149863
918988329
128643035
312349957
242274732
723349288
551628247
722790997
905470239
517928515
872328798
